64
45
59
52
45
81
80
78
64
81
69
78
69
69
66
86
69
85
85
83
61
62
59
52
45
69
68
52
40
66
47
40
69
66
66
47
69
57
74
47
73
59
71
69
45
64
61
61
45
64
57
57
69
61
49
45
57
64
45
88
76
64
45
45
76
88
74
37
74
62
76
64
50
45
69
64
57
45
57
45
66
62
57
45
78
64
45
78
64
50
45
76
57
88
38
76
64
52
88
80
64
61
52
45
64
81
61
64
61
52
73
61
61
68
64
52
61
92
64
52
93
95
66
61
54
66
54
97
61
95
61
68
61
73
69
61
93
54
61
93
54
73
92
54
92
90
76
76
76
68
73
68
88
61
83
88
68
61
83
61
85
45
83
64
81
69
73
64
57
69
64
85
71
64
57
85
83
57
83
81
69
76
64
68
56
69
66
57
66
57
52
46
40
83
46
79
55
46
68
46
80
39
77
53
46
58
56
53
53
85
46
82
80
68
56
44
63
60
44
63
60
56
75
63
60
44
56
60
48
87
72
44
56
87
85
48
85
63
56
87
75
75
63
44
56
44
61
49
63
56
44
89
63
89
44
37
87
49
87
63
51
60
91
72
63
72
60
92
48
75
72
63
60
79
48
60
84
75
72
63
39
48
92
58
39
92
41
94
41
72
53
48
96
94
48
55
48
92
56
41
41
48
92
91
53
41
91
67
63
89
55
87
63
75
75
63
60
55
75
72
63
60
48
36
55
75
63
87
55
87
48
36
70
84
82
44
56
80
68
63
56
44
63
51
60
63
51
44
58
51
82
44
70
58
80
68
63
51
46
75
46
82
51
46
39
80
68
75
72
63
60
51
46
39
84
75
72
51
46
80
68
56
67
53
56
65
53
79
67
65
53
46
65
56
53
65
53
75
73
61
53
73
46
72
69
65
73
65
72
69
60
75
53
72
41
73
72
75
63
55
75
67
48
62
77
50
43
79
67
60
43
79
67
60
55
50
43
67
60
55
68
60
56
60
65
56
44
72
60
50
38
77
72
38
63
51
44
72
60
51
44
68
63
56
51
44
63
60
56
44
51
70
63
72
63
58
44
75
44
72
51
70
63
44
68
56
82
70
56
53
51
82
58
51
46
70
39
72
53
46
39
72
53
61
73
73
53
75
46
75
48
72
68
60
56
67
67
63
60
44
56
68
44
63
60
75
68
56
48
44
63
56
44
75
70
48
77
68
49
63
68
67
56
65
61
68
56
49
56
63
75
65
56
68
56
77
68
49
75
72
63
68
72
60
44
80
68
60
44
73
61
58
51
44
80
58
79
63
46
58
80
77
46
77
46
56
85
53
46
84
46
82
68
56
80
72
63
60
44
56
63
60
75
56
60
87
48
44
56
87
48
85
48
56
85
56
87
63
49
44
63
61
56
44
61
49
56
44
89
44
89
44
87
49
37
63
51
87
60
63
91
60
60
92
48
63
79
60
72
60
63
39
75
72
48
91
39
92
48
56
94
68
56
96
48
94
53
48
92
80
56
92
80
48
41
91
84
60
53
91
67
63
89
55
63
60
87
75
63
60
75
55
87
67
60
48
55
63
87
75
75
55
48
87
82
67
48
82
75
84
82
63
56
80
68
44
63
56
63
51
44
58
63
51
84
72
60
51
84
63
44
82
82
70
63
80
67
61
46
75
63
58
46
39
82
63
51
56
39
61
46
84
39
46
53
56
53
65
53
73
61
53
85
56
53
85
53
46
84
46
82
68
56
80
72
60
63
56
63
60
56
60
87
68
48
56
87
85
48
85
63
56
49
87
44
37
63
44
56
61
49
44
63
56
49
89
77
63
44
56
37
89
77
49
56
87
75
37
87
75
63
51
63
91
79
60
72
60
92
80
48
63
79
60
51
72
48
60
84
72
63
75
39
48
51
39
91
92
80
68
56
48
41
94
82
56
53
48
84
44
41
48
94
82
53
41
48
80
56
92
92
80
48
91
80
41
91
67
63
89
55
48
63
87
75
75
63
60
55
72
60
48
55
36
87
75
63
55
48
87
36
82
48
84
70
51
63
80
68
56
51
63
56
44
63
51
70
58
51
84
72
60
84
51
82
44
82
80
46
75
63
55
82
46
70
51
65
46
84
77
73
46
39
53
46
80
58
61
56
79
46
65
53
61
77
73
65
58
53
75
58
46
53
73
46
72
65
53
65
73
77
53
75
72
63
41
72
63
75
72
63
75
55
75
48
62
77
65
53
50
67
79
59
79
67
62
50
53
67
50
68
56
60
65
56
44
50
60
38
38
77
75
44
72
68
58
44
63
51
68
56
56
44
63
58
72
72
70
44
70
63
68
63
70
70
63
58
63
72
44
53
46
72
56
46
73
53
73
46
75
46
68
75
48
67
72
60
67
56
44
68
60
67
63
56
44
68
56
63
75
48
68
56
77
68
56
68
61
68
56
75
63
44
56
77
49
75
72
63
72
68
68
72
63
56
44
70
73
70
63
63
75
80
44
79
63
77
58
46
77
80
68
51
46
77
53
46
56
85
65
53
46
84
65
46
80
82
80
48
63
56
60
63
56
63
56
87
44
56
87
48
85
85
61
56
68
61
56
87
61
56
56
65
56
89
61
49
89
61
56
44
49
87
68
49
87
39
91
63
92
51
48
55
48
91
39
92
53
41
48
94
48
41
96
53
60
55
48
94
55
48
92
56
48
41
48
92
91
53
41
63
91
67
55
89
63
55
63
87
75
60
75
63
55
60
48
55
63
48
87
75
55
48
87
82
67
48
82
84
56
51
44
63
56
80
63
44
63
56
51
44
70
63
58
63
51
44
84
72
60
84
51
82
63
44
82
70
75
80
68
75
70
82
70
67
58
68
58
84
51
85
68
87
65
68
65
58
70
58
85
46
65
85
84
58
82
68
80
72
68
87
72
68
60
68
87
85
60
85
87
73
61
68
89
75
89
68
61
87
61
87
92
63
92
84
75
72
63
72
79
75
63
63
72
63
91
92
94
96
84
94
72
80
72
92
53
72
92
65
91
91
89
87
72
87
67
87
75
87
67
60
60
82
84
82
80
68
63
84
70
84
63
82
56
82
80
75
45
91
67
68
72
91
40
50
51
79
82
52
64
48
51
44
45
63
39
64
48
67
51
72
60
85
37
85
64
44
68
51
61
51
51
83
55
48
65
39
39
55
44
63
61
70
52
44
48
68
70
60
63
48
44
58
42
49
57
75
51
49
39
49
49
56
67
58
44
57
58
48
60
77
73
82
63
39
68
38
65
53
58
92
58
34
72
37
45
56
72
44
51
37
51
65
56
45
39
38
51
65
58
75
29
48
39
68
29
85
61
55
59
39
61
29
49
81
44
48
44
40
49
85
53
75
77
39
64
70
53
52
29
46
63
82
46
75
71
44
55
63
31
44
38
49
77
50
77
70
44
53
63
29
82
69
49
44
41
34
56
67
53
72
68
72
56
70
63
44
58
38
48
42
49
75
63
66
34
51
72
49
49
49
82
44
37
44
40
49
53
60
52
51
72
60
37
48
91
97
68
63
56
63
48
58
82
79
51
68
67
58
44
56
81
67
44
82
53
81
51
82
